7321
47111
32701
42256
47510
43035
8543
2512
37503
16401
3155
28906
34965
49459
53269
14879
63423
59841
56368
19746
61347
45886
43976
40204
3954
37769
15458
11227
51174
33639
43686
48261
40177
55893
23227
3173
47637
11358
51222
9274
41259
27551
36420
32523
57788
25685
59052
32320
37605
37779
19604
8612
59882
23433
22973
50794
34870
44628
57771
22255
47786
57984
11955
22371
37056
19275
48260
16149
25531
36767
19641
41560
32831
48341
20879
14855
19793
45982
30744
64719
36464
21124
9396
16375
52352
39522
41207
15293
38134
39962
30533
51194
32148
16842
256
60376
59102
39604
29014
49540
49991
38104
42958
1680
21375
65367
29236
11070
60694
28788
26513
34994
48779
2761
48853
6602
49645
37954
35594
28359
14935
21550
59010
32972
36820
10571
15562
12742
1316
8356
65519
13893
24068
53480
39502
36928
57194
119
27549
4067
57106
4652
35420
24008
14513
33401
63203
22574
49071
36423
